12.83
17.36
21.00
17.22
10.46
8.74
15.09
10.55
15.51
10.90
8.67
16.11
21.14
20.23
9.22
15.40
14.48
14.20
17.03
8.97
11.04
15.58
23.49
20.00
25.46
11.58
17.09
19.19
14.55
19.23
16.45
8.25
16.35
10.10
18.94
15.96
24.14
15.71
13.92
25.88
13.54
14.74
16.69
22.64
16.46
17.18
17.40
16.75
23.47
14.47
16.66
17.15
9.94
11.34
16.83
16.32
20.72
11.13
17.24
14.60
10.78
13.20
22.06
19.73
12.12
7.10
17.96
20.88
19.03
16.26
15.06
14.15
4.81
17.34
9.89
10.89
16.66
16.82
10.60
10.92
12.97
13.18
12.51
11.85
18.78
17.14
21.04
15.78
15.72
22.98
18.22
17.39
16.75
22.15
12.57
19.21
16.57
13.85
21.38
19.74
15.50
9.35
17.44
14.54
19.73
15.51
14.34
17.33
17.82
13.70
20.27
19.14
18.96
23.72
17.46
15.10
6.66
16.84
18.93
14.21
15.49
16.25
15.42
10.32
27.01
13.33
14.38
19.36
16.54
20.14
21.64
20.21
5.25
9.39
10.26
11.33
11.78
29.50
16.79
20.19
14.91
14.37
15.33
14.22
16.87
13.68
13.77
18.12
15.63
14.79
19.84
18.73
22.83
12.01
18.21
12.51
4.33
23.67
8.12
21.42
15.45
10.08
18.78
14.43
13.36
14.04
16.69
16.03
21.08
22.59
20.56
12.93
20.86
24.12
23.30
16.51
23.91
14.75
14.22
17.41
15.96
14.08
17.55
21.52
12.20
19.95
16.36
18.10
22.34
22.37
17.89
19.77
12.28
5.79
18.96
15.88
17.66
18.02
11.42
13.99
12.17
17.32
4.35
19.38
14.24
11.00
14.85
9.20
20.73
17.99
19.92
18.42
15.01
18.46
19.12
20.05
17.12
23.38
13.25
20.50
12.13
9.89
17.13
14.52
20.00
10.53
15.01
16.14
16.17
6.74
13.19
13.40
15.93
13.70
22.39
21.88
6.89
17.86
18.10
15.69
24.64
17.99
12.20
16.76
22.18
16.45
8.89
20.45
20.31
18.13
4.43
15.62
5.72
18.35
15.31
9.66
17.27
7.26
14.66
15.78
17.94
19.09
22.11
13.39
17.72
12.33
20.77
18.12
16.56
17.09
23.72
14.76
19.33
7.99
19.43
7.65
10.47
19.81
14.23
19.23
14.58
20.90
19.51
14.07
6.86
17.17
18.87
20.97
21.58
15.07
20.31
15.67
17.73
22.05
11.26
5.83
14.80
11.37
8.90
7.40
18.14
22.29
19.41
13.90
18.78
15.54
18.80
18.25
5.74
16.20
10.43
16.61
17.31
5.10
17.58
17.80
12.68
16.58
20.05
22.82
22.22
15.79
13.76
20.25
16.31
21.34
8.16
4.18
16.23
15.89
16.32
18.63
13.59
10.50
10.57
20.27
12.86
13.64
15.30
9.38
18.69
16.17
16.37
13.89
18.19
7.19
19.46
14.94
18.73
27.02
12.82
18.74
16.22
19.68
20.96
22.86
19.18
12.87
20.55
13.92
16.87
23.42
16.39
12.87
21.05
14.99
9.55
13.06
15.56
14.09
23.88
12.14
17.95
19.82
16.04